  -1.5561632247190313e-01  2.5117975450111357e-01   0.0000000000000000e+00
  -4.2014739970520831e-01  3.3894182953616298e-01   0.0000000000000000e+00
  -6.2554800085106887e-01  4.4529114343229086e-02   0.0000000000000000e+00
  -7.7679753442211152e-01  3.3520727315169285e-01   0.0000000000000000e+00
  -1.1595895638303062e+00  2.5117975450111357e-01   0.0000000000000000e+00
  -1.1303355388186229e+00  6.6260338285691300e-01   0.0000000000000000e+00
  -5.9691640190346418e-01  6.9185740786859606e-01   0.0000000000000000e+00
   9.8715793117597528e-01  -6.3142040436200841e-01   0.0000000000000000e+00
   7.2262685394267012e-01  -6.0154395328624677e-01   0.0000000000000000e+00
   4.2884175169768191e-01  -8.0756698049618558e-01   0.0000000000000000e+00
   1.9792168192460849e-01  -5.7228992827456382e-01   0.0000000000000000e+00
  -2.1412437249526955e-01  -3.6688932712870304e-01   0.0000000000000000e+00
   1.0953718082548036e-01  3.3894182953616298e-01   0.0000000000000000e+00
   5.0406704738035664e-02  -3.0775885104125833e-01   0.0000000000000000e+00
   1.2896569983180606e+00  5.1197108846608130e-01   0.0000000000000000e+00
   1.0251259210847554e+00  6.0036077644907637e-01   0.0000000000000000e+00
   5.2096080918127963e-01  -7.2481798819636331e-02   0.0000000000000000e+00
   6.6847578636785254e-01  5.9662622006460631e-01   0.0000000000000000e+00
   2.8568375695965792e-01  5.1197108846608130e-01   0.0000000000000000e+00
   3.1493778197134087e-01  9.2402232976982634e-01   0.0000000000000000e+00
   8.4835691888650011e-01  9.5327635478150952e-01   0.0000000000000000e+00
  -2.7325484858271426e-01  -6.8993364126924184e-01   0.0000000000000000e+00
  -5.6766237689178090e-01  -8.9595148159531368e-01   0.0000000000000000e+00
  -1.1259785563700746e+00  -9.5508714456662536e-01   0.0000000000000000e+00
  -7.7306297803764146e-01  -4.8453304012338133e-01   0.0000000000000000e+00
  -1.5081481597141906e+00  -6.3515496074647859e-01   0.0000000000000000e+00
  -1.4788941347025075e+00  -2.2373651927454646e-01   0.0000000000000000e+00
  -9.4547499778734867e-01  -1.9447730737899582e-01   0.0000000000000000e+00
   1.5797075441785793e+00  -4.2540256403593663e-01   0.0000000000000000e+00
   1.6089615691902621e+00  4.4529114343229086e-02   0.0000000000000000e+00
   1.2336386525510079e+00   -5.3930134687841025e-01   0.0000000000000000e+00
   1.1452541514518801e+00   -2.2000196289007612e-01   0.0000000000000000e+00
   9.0313041252539594e-01   -1.3161227490708102e-01   0.0000000000000000e+00
   6.9772981137953549e-01  2.5117975450111357e-01   0.0000000000000000e+00
   1.3257577100346061e+00  1.3665335871069428e-01   0.0000000000000000e+00
  -5.0853190080433619e-01   -2.7788239996549685e-01   0.0000000000000000e+00
  -9.6485846384458424e-02   -1.3351322732191634e-02   0.0000000000000000e+00
  -1.0967245313583913e+00   -5.1315945218711911e-01   0.0000000000000000e+00
  -1.5561632247190313e-01  7.5098788395604077e-01   0.0000000000000000e+00
  -1.5965326608133186e+00  6.6260338285691300e-01   0.0000000000000000e+00
  -1.5081481597141906e+00  1.0746494372767907e+00   0.0000000000000000e+00
  -9.7908600524758027e-01  1.1032758493405281e+00   0.0000000000000000e+00
  -4.4940142471689154e-01  1.1331523004162900e+00   0.0000000000000000e+00
  -6.7854247436853726e-02  1.3391794771333225e+00   0.0000000000000000e+00
   5.0406704738035664e-02   -8.6669745658363018e-01   0.0000000000000000e+00
   1.2853000158695123e+00   -9.8434116957830875e-01   0.0000000000000000e+00
   8.7387638751371299e-01   -9.8434116957830875e-01   0.0000000000000000e+00
   4.9108435810551843e-01   -1.0434716456657536e+00   0.0000000000000000e+00
   1.0207689386362071e+00  2.2192572948943037e-01   0.0000000000000000e+00
   3.7406825805878557e-01  2.2192572948943037e-01   0.0000000000000000e+00
   6.3859933529209079e-01  1.3099238960564792e+00   0.0000000000000000e+00
   1.3145540408811953e+00  1.1032758493405281e+00   0.0000000000000000e+00
   1.6382155942019452e+00  6.3334417096136242e-01   0.0000000000000000e+00
   1.6680920452777068e+00  1.2806709084215695e+00   0.0000000000000000e+00
   1.6680920452777068e+00   -1.0720980577294907e+00   0.0000000000000000e+00
  -1.6264039250052129e+00   -1.0720980577294907e+00   0.0000000000000000e+00
  -1.3911320596674581e+00   -8.6669745658363018e-01   0.0000000000000000e+00
  -1.5965326608133186e+00  1.3099238960564792e+00   0.0000000000000000e+00
  -1.4490176836267459e+00  2.5117975450111357e-01   0.0000000000000000e+00
  -8.6144747913676933e-01   -7.7894056843244830e-01   0.0000000000000000e+00
  -2.4400082357103103e-01   -1.0720980577294907e+00   0.0000000000000000e+00
  -8.3219345412508616e-01   -1.0720980577294907e+00   0.0000000000000000e+00
  -1.2143630574692021e+00   -4.3227773807953118e-02   0.0000000000000000e+00
   4.5809577670936485e-01   -4.2540256403593663e-01   0.0000000000000000e+00
